

指标一:
长度准确度:
XCenter=19.708
ZCenter=336.765
总长度=610.112
角度=-0.000911898
总长度比率=1.00084


指标二:
路径长度:
0.841301 1.04286 0.977921 0.96035 0.980718 0.984435 0.987916 0.985564 0.986412 0.98814 0.987887 0.989078 0.989548 0.99096 0.992118 0.99222 0.992446 0.993215 0.994196 0.996975 0.995942 0.996324 0.997687 0.998592 0.999362 1 2.40688 2.40762 2.41384 2.41882 2.42181 2.29071 1.68068 

指标五:
金属:
：从左至右依次是 									  金属Al Cu Sn Pb和非金属
均值比=0.989344
方差比=1.79902
均值比=1.12736
方差比=30.6624
均值比=1.09827
方差比=19.6395
均值比=1.07117
方差比=12.7742
均值比=1
方差比=1

Al的均值=0.455521
Al的标准差0.000878545


指标六：
不带金属的控制区域:
直线1上的体素的均值:
0.237373
直线1上的体素的标准差:
2.25836e-006
直线1上的体素的峰值变化:
0.00755502
直线2上的体素的均值:
0.237716
直线2上的体素的标准差:
2.0702e-006
直线2上的体素的峰值变化:
0.00607842
ROI区域上的体素的均值:
0.236704
ROI区域上的体素的标准差:
1.17443e-006
ROI区域上的体素的峰值变化:
0.00561249


金属钨区域:
直线1上的体素的均值:
0.234262
直线1上的体素的标准差:
0.00223799
直线1上的体素的峰值变化:
0.160182
直线2上的体素的均值:
0.234032
直线2上的体素的标准差:
0.000599525
直线2上的体素的峰值变化:
0.0989692
ROI区域上的体素的均值:
0.243525
ROI区域上的体素的标准差:
0.000352184
ROI区域上的体素的峰值变化:
0.0935385


指标一:
长度准确度:
XCenter=-1.#IND
ZCenter=-1.#IND
总长度=-1.#IND
角度=-1.#IND
总长度比率=-1.#IND


指标四:
NEQ 方法2(MTF):0 0 0 0 0 0 0 0.000656802 0 0 0 0 0.00104014 0 0.00187144 0 0 0.00373405 0 0.00727684 0.0127761 0.0159718 0.0330161 0 0 0.0665305 0 0 0.155865 1.96177 0.453551 0.455224 0 0.529657 0 0.274467 0.186876 0.173043 0.150804 0.155824 0.138166 0.193556 0 0.337413 1.00361 2.91221 1.33428 1.58663 1.01504 0 0.85288 0.597247 0 0.611924 0.619418 0.796623 0.773172 0 2.35551 2.46295 3.40581 0.924305 0.787509 0.512893 0.402886 0.379833 0.369621 0.415457 0.508268 0.550506 0.866141 1.41213 0 0 0 4.79322 1.20089 0.690082 0 0.411959 0.298686 0.288835 0.277102 0.250325 0.243087 0.3031 0.481711 0.46559 1.76388 1.17166 0.456818 0.449259 0.297903 0.232499 0.227117 0.205837 0.208514 0.202417 0 0.336942 0.320479 0.415966 0.7895 0.787415 0.275801 0.0835701 0.0860421 0.0447609 0.0319866 0.0292458 0.0291166 0.0333429 0.0534318 0.0503595 0.0950326 0.0687849 0.0665567 0.0742327 0.34575 0.371495 0.0252613 0.0141822 0.0124092 0.0103591 0.00919727 0.0106209 0.00517055 0.00213449 0.0021335 0.000960007 0.000585402 0.000545632 0.000362232 0.000265192 0.000218548 0.000199531 0.000169472 0.000154885 0.000132417 0.000122284 0.000102249 0.000109025 9.19101e-005 9.75321e-005 9.15676e-005 8.33891e-005 9.81599e-005 7.98099e-005 

指标三:
CT值一致性:
多个切片均值的中值=0.000729742
多个切片标准差的中值=3.41975e-006
多个切片均值的标准差=6.16126e-012
多个切片标准差的标准差=1.15447e-016


指标四:
NEQ(Method 1):0 0.00181031 0.0020621 0 0.00299319 0 0.0041987 0 0.00438111 0.00526301 0.00540897 0.00562504 0.00582213 0.00636031 0.00622515 0.00781673 0.00764753 0.00861246 0.00922522 0.00832838 0.0103742 0.00918984 0.0100647 0.0115016 0.00994027 0.00968351 0.0106833 0.0106328 0.0104493 0.0112141 0.0113786 0.0120067 0.0127378 0.0118033 0.0130669 0.0124868 0.0132186 0.0128531 0.0131888 0.0129851 0.0128639 0.0124185 0.012363 0.0121192 0.0123488 0.0119752 0.0123621 0.0123678 0.0124281 0.0122233 0.0117935 0.0118179 0.012108 0.0113887 0.0121159 0.0117714 0.0110997 0.0118845 0.0111514 0.0109401 0.0107366 0.0104368 0.0104864 0.00997596 0.00984053 0.0098063 0.00989514 0.00924621 0.00961833 0.00880584 0.00905965 0.00839388 0.00788295 0.00809605 0.00770904 0.00776035 0.00733859 0.00729068 0.00735961 0.00670191 0.0063297 0.0065997 0.00634381 0.00590164 0.00596527 0.00560936 0.00566251 0.0054299 0.00514567 0.00519431 0.00474776 0.00464136 0.00442019 0.00441837 0.00429055 0.00407658 0.00405578 0.00388567 0.0036943 0.0035241 0.00352703 0.00344516 0.00326513 0.00320384 0.0029925 0.00283149 0.0028045 0.00275843 0.00259701 0.0025782 0.00243987 0.00251539 0.00236626 0.00233468 0.00224863 0.00223324 0.00203648 0.00210076 0.00194586 0.00186324 0.00188441 0.00171181 0.00171139 0.00162008 0.00156436 0.00146864 0.00142307 0.00135657 0.00130543 0.00123727 0.00115754 0.00114215 0.00105369 0.00103052 0.000986449 0.000958004 0.000914183 0.000885432 0.000925692 0.000830115 0.000883781 0.000809619 0.000761785 0.000794121 0.000701447 0.000727925 0.000688834 0.000649356 0.00011942 0.000124149 0.00010633 0.000104116 9.85381e-005 9.26297e-005 9.07674e-005 7.87933e-005 8.13146e-005 7.49226e-005 6.77646e-005 6.90069e-005 6.31114e-005 5.62889e-005 5.86866e-005 4.97698e-005 4.84051e-005 4.28734e-005 4.17392e-005 3.989e-005 3.31932e-005 3.59743e-005 2.75943e-005 3.43779e-005 2.39578e-005 2.30365e-005 2.25553e-005 1.89262e-005 2.19812e-005 1.65334e-005 1.90796e-005 1.47624e-005 1.39103e-005 1.3798e-005 1.18706e-005 1.25093e-005 9.444e-006 1.09755e-005 7.40556e-006 6.80578e-006 7.10434e-006 5.48891e-006 6.74823e-006 5.03147e-006 0 4.34742e-006 3.22189e-006 3.72527e-006 2.88442e-006 0 2.5465e-006 0 2.51758e-006 0 2.43281e-006 2.47512e-006 0 2.34431e-006 0 0 0 0 0 0 0 0 0 0 0 0 0 0 0 0 0 0 0 0 0 0 0 0 0 0 0 0 0 0 0 0 0 0 0 0 0 0 0 0 0 0 0 0 0 0 0 0 0 0 0 0 0 0 0 0 0 0 0 0 0 0 0 0 0 0 0 0 0 0 0 0 0 0 0 0 0 0 0 0 0 0 0 0 0 0 0 0 0 0 0 0 0 0 0 0 0 0 0 0 0 0 

指标六：
SSP:
1 10.1246 7.59505 4.655 2.43117 1.30956 0.844505 0.560109 0.369885 0.181153 0.135683 0.14589 0.119687 0.0543675 0.0161034 0.0554102 0.0655591 0.0545192 0.0352112 0.0483696 0.0458179 0.0051059 0.0783809 0.134968 0.144941 0.109333 0.0666456 0.0309483 0.00932812 0.0467886 0.0653647 0.0667986 0.0611205 0.0412537 0.0133869 0.0133869 0.0412537 0.0611205 0.0667986 0.0653647 0.0467886 0.00932811 0.0309483 0.0666456 0.109333 0.144941 0.134968 0.0783806 0.0051059 0.0458177 0.0483696 0.0352112 0.0545192 0.0655591 0.0554102 0.0161034 0.0543675 0.119687 0.14589 0.135683 0.181153 0.369885 0.560109 0.844505 1.30956 2.43117 4.655 7.59505 10.1246 